#
# zaxisID 1
#
zaxistype = hybrid
size      = 1
name      = lev_2
longname  = "hybrid level at layer midpoints"
units     = "level"
levels    = 1
vctsize   = 276
vct       = 0 2.0003650188446 3.10224103927612 4.66608381271362 6.82797718048096 
            9.74696636199951 13.6054239273071 18.6089305877686 24.9857177734375 32.985710144043 
            42.8792419433594 54.9554634094238 69.5205764770508 86.895881652832 107.415740966797 
            131.425506591797 159.279403686523 191.338562011719 227.968948364258 269.539581298828 
            316.420745849609 368.982360839844 427.592498779297 492.616027832031 564.413452148438 
            643.339904785156 729.744140625 823.967834472656 926.344909667969 1037.201171875 
            1156.85363769531 1285.6103515625 1423.77014160156 1571.62292480469 1729.44897460938 
            1897.51928710938 2076.09594726562 2265.431640625 2465.7705078125 2677.34814453125 
            2900.39135742188 3135.11938476562 3381.74365234375 3640.46826171875 3911.49047851562 
            4194.9306640625 4490.8173828125 4799.1494140625 5119.89501953125 5452.99072265625 
            5798.3447265625 6156.07421875 6526.94677734375 6911.87060546875 7311.869140625 
            7727.412109375 8159.35400390625 8608.525390625 9076.400390625 9562.6826171875 
            10065.978515625 10584.6318359375 11116.662109375 11660.0673828125 12211.5478515625 
            12766.873046875 13324.6689453125 13881.3310546875 14432.1396484375 14975.615234375 
            15508.2568359375 16026.115234375 16527.322265625 17008.7890625 17467.61328125 
            17901.62109375 18308.43359375 18685.71875 19031.2890625 19343.51171875 
            19620.04296875 19859.390625 20059.931640625 20219.6640625 20337.86328125 
            20412.30859375 20442.078125 20425.71875 20361.81640625 20249.51171875 
            20087.0859375 19874.025390625 19608.572265625 19290.2265625 18917.4609375 
            18489.70703125 18006.92578125 17471.83984375 16888.6875 16262.046875 
            15596.6953125 14898.453125 14173.32421875 13427.76953125 12668.2578125 
            11901.33984375 11133.3046875 10370.17578125 9617.515625 8880.453125 8163.375 
            7470.34375 6804.421875 6168.53125 5564.3828125 4993.796875 4457.375 3955.9609375 
            3489.234375 3057.265625 2659.140625 2294.2421875 1961.5 1659.4765625 
            1387.546875 1143.25 926.5078125 734.9921875 568.0625 424.4140625 302.4765625 
            202.484375 122.1015625 62.78125 22.8359375 3.75781297683716 0 0 
            0 0 0 0 0 0 0 0 0 0 0 0 0 0 0 0 0 0 0 0 0 0 0 0 0 0 0 0 0 0 0 0 0 0 0 
            0 0 0 0 0 0 0 0 0 0 0 0 0 0 0 0 0 0 0 3.81999996079685e-08 6.76070021654596e-06 
            2.43480008066399e-05 5.89219998801127e-05 0.000111914298031479 0.00019857739971485 
            0.000340379687258974 0.000561555323656648 0.000889697927050292 0.00135280552785844 
            0.00199183798395097 0.00285712420009077 0.00397095363587141 0.00537781463935971 
            0.00713337678462267 0.00926146004348993 0.0118060223758221 0.014815628528595 
            0.0183184519410133 0.0223548449575901 0.0269635207951069 0.0321760959923267 
            0.03802639991045 0.0445479601621628 0.051773015409708 0.0597284138202667 
            0.0684482529759407 0.077958308160305 0.0882857367396355 0.099461667239666 
            0.111504651606083 0.124448128044605 0.138312891125679 0.153125032782555 
            0.168910413980484 0.185689449310303 0.2034912109375 0.222332864999771 
            0.242244005203247 0.26324188709259 0.285354018211365 0.308598458766937 
            0.332939088344574 0.358254194259644 0.384363323450089 0.411124765872955 
            0.438391208648682 0.46600329875946 0.493800312280655 0.521619200706482 
            0.549301147460938 0.576692163944244 0.603648066520691 0.630035817623138 
            0.655735969543457 0.680643022060394 0.704668998718262 0.727738738059998 
            0.749796569347382 0.770797550678253 0.790716767311096 0.809536039829254 
            0.827256083488464 0.843881130218506 0.859431803226471 0.873929262161255 
            0.887407541275024 0.899900496006012 0.911448180675507 0.922095656394958 
            0.9318807721138 0.94085955619812 0.949064433574677 0.956549525260925 
            0.963351726531982 0.969513416290283 0.975078403949738 0.980071604251862 
            0.984541893005371 0.988499522209167 0.991984009742737 0.995002508163452 
            0.99763011932373 1 
formula = "hyam hybm (mlev=hyam+hybm*aps)"
